((("sort_stack" .
   [0 0 0 1 0 0 0 0 0 0])
  ("print_stack" .
   [3 0 0 0 0 0 0 0 0 1 0])
  ("each" .
   [1 0 0 0])
  ("element" .
   [1 0 0 0 0 0 0])
  ("p" .
   [2])
  ("buffer" .
   [3 0 0 0 0 0])
  ("hanoi" .
   [2 0 0 0 1])
  ("have" .
   [0 0 0 1])
  ("to" .
   [6 0])
  ("h" .
   [2])
  ("min_element" .
   [0 0 0 0 0 0 0 1 0 0 0])
  ("pop" .
   [13 0 0])
  ("empty" .
   [6 0 2 2 0])
  ("minst" .
   [9 0 0 0 0])
  ("push" .
   [13 0 0 0])
  ("minStack" .
   [0 0 0 0 1 1 0 2])
  ("t3" .
   [1 0])
  ("t2" .
   [1 0])
  ("t1" .
   [1 0])
  ("public" .
   [4 0 0 0 0 0])
  ("ThreeStack" .
   [2 0 0 0 0 1 0 0 0 0])
  ("class" .
   [3 0 0 0 0])
  ("stack" .
   [7 0 0 0 0])
  ("LinkedList" .
   [0 0 0 0 1 0 0 0 0 0])
  ("is_pard" .
   [0 0 0 0 0 0 1])
  ("top" .
   [22 0 0])
  ("l1" .
   [4 0])
  ("ll2" .
   [3 0 0])
  ("ll1" .
   [2 0 0])
  ("sum_two_linked_list" .
   [0 0 0 1 0 0 0 0 0 0 0 0 0 0 0 0 0 0 0])
  ("newhead" .
   [2 0 0 0 0 0 1])
  ("new" .
   [2 0 0])
  ("dummy1" .
   [1 0 0 0 0 0])
  ("dummy2" .
   [0 0 0 0 1 0])
  ("ll" .
   [3 0])
  ("partition" .
   [0 0 0 0 0 0 1 0 0])
  ("part" .
   [0 0 0 1])
  ("after" .
   [1 0 0 0 0])
  ("append" .
   [1 0 0 0 0 0])
  ("prehead" .
   [14 0 0 0 0 0 0])
  ("greaterhead" .
   [2 0 0 0 4 0 0 8 0 1 0])
  ("lesshead" .
   [6 0 0 0 8 0 0 2])
  ("delete_node" .
   [1 0 0 0 0 0 0 0 0 0 0])
  ("invalid_argument" .
   [0 0 0 0 0 0 0 0 0 0 1 0 0 0 0 0])
  ("throw" .
   [4 0 0 0 0])
  ("exception" .
   [2 0 0 0 0 0 0 0 0])
  ("delete" .
   [4 0 0 0 0 1])
  ("print_list" .
   [3 0 0 0 0 6 2 0 0 2])
  ("remove_duplicate" .
   [0 0 0 0 0 0 1 0 0 0 0 0 0 0 0 0])
  ("find" .
   [1 0 0 0])
  ("Under" .
   [0 0 0 0 1])
  ("ht" .
   [5 0])
  ("tt" .
   [5 0])
  ("dummy" .
   [28 0 0 0 6])
  ("Node" .
   [40 0 0 0])
  ("power" .
   [2 0 0 0 0])
  ("pow" .
   [4 0 0])
  ("second" .
   [1 0 0 0 0 0])
  ("strs" .
   [5 0 0 0])
  ("hash" .
   [1 0 0 0])
  ("maxtrix" .
   [1 0 0 0 0 0 0])
  ("rotate" .
   [1 0 0 0 0 0])
  ("so" .
   [1 0])
  ("erow" .
   [13 0 0 0])
  ("srow" .
   [8 0 0 0])
  ("ecol" .
   [18 0 0 0])
  ("scol" .
   [11 0 0 0])
  ("tmp" .
   [21 0 0])
  ("matrix" .
   [26 0 0 0 0 0])
  ("size_t" .
   [2 0 0 0 0 0])
  ("permuteUnique" .
   [1 0 0 0 0 0 0 0 0 0 0 0 0])
  ("helper" .
   [2 0 0 0 0 0])
  ("namespace" .
   [1 0 0 0 0 0 0 0 0])
  ("num" .
   [24 0 0])
  ("permute" .
   [1 0 0 0 0 0 0])
  ("substr" .
   [0 0 0 1 0 0])
  ("unordered_set" .
   [1 0 0 0 0 0 0 0 0 0 0 0 1])
  ("auto" .
   [8 0 0 0])
  ("res" .
   [13 0 0])
  ("wordBreak" .
   [0 0 0 1 0 0 0 0 0])
  ("Solution" .
   [1 0 0 0 1 0 0 0])
  ("dict" .
   [2 0 0 0])
  ("slow" .
   [4 0 0 0])
  ("fast" .
   [7 0 0 0])
  ("val" .
   [28 0 0])
  ("NULL" .
   [13 0 0 0])
  ("detectCycle" .
   [0 0 0 0 2 0 0 0 0 0 0])
  ("print_nodes" .
   [0 0 0 0 0 1 0 0 0 0 0])
  ("next" .
   [86 0 0 0])
  ("head" .
   [66 0 0 0])
  ("ListNode" .
   [3 0 0 0 1 0 1 1])
  ("i" .
   [3])
  ("pass" .
   [1 0 0 0])
  ("push_back" .
   [4 0 0 1 2 0 0 0 0])
  ("fail" .
   [3 0 0 0])
  ("fail_grade" .
   [0 0 0 0 0 0 0 0 0 1])
  ("grade" .
   [1 0 0 0 0])
  ("endif" .
   [1 0 0 0 0])
  ("define" .
   [1 0 0 0 0 0])
  ("GUARD_student_info_h" .
   [0 0 0 0 1 1 0 0 0 0 0 0 0 0 0 0 0 0 0 0])
  ("ifndef" .
   [2 0 0 0 0 0])
  ("homework_median" .
   [1 0 0 0 0 0 0 0 0 0 0 0 0 0 0])
  ("GUARD_median_h" .
   [0 0 1 0 0 0 0 1 0 0 0 0 0 0])
  ("median" .
   [1 0 0 0 0 0])
  ("domain_error" .
   [0 0 0 0 0 0 3 0 0 0 0 0])
  ("vector" .
   [19 0 2 2 0 0])
  ("istream" .
   [1 0 0 0 0 0 1])
  ("Student_info" .
   [0 0 0 1 0 0 3 0 0 0 0 2])
  ("include" .
   [11 0 0 0 0 0 0])
  ("require" .
   [1 0 0 0 0 0 0])
  ("aii" .
   [2 0 0])
  ("for" .
   [21 0 0])
  ("pvalues" .
   [1 0 0 0 0 0 0])
  ("chapter" .
   [2 0 0 0 0 0 0])
  ("is" .
   [2 0])
  ("ICs" .
   [1 0 0])
  ("into" .
   [1 0 0 0])
  ("measures" .
   [1 0 0 0 0 0 0 0])
  ("our" .
   [1 0 0])
  ("different" .
   [1 0 0 0 0 0 0 0 0])
  ("focused" .
   [1 0 0 0 0 0 0])
  ("methods" .
   [1 0 0 0 0 0 0])
  ("reported" .
   [1 0 0 0 0 0 0 0])
  ("analysis" .
   [1 0 0 0 0 0 0 0])
  ("The" .
   [1 0 0])
  ("differences" .
   [1 0 0 0 0 0 0 0 0 0 0])
  ("group" .
   [1 0 0 0 0])
  ("indicator" .
   [1 0 0 0 0 0 0 0 0])
  ("std" .
   [13 0 0])
  ("string" .
   [49 0 1 0 0 0])
  ("using" .
   [7 0 0 0 0])
  ("unordered_map" .
   [3 0 0 1 0 0 0 1 0 0 1 0 3])
  ("int" .
   [42 0 0])
  ("str" .
   [12 0 0])
  ("return" .
   [37 0 1 0 0 0])
  ("bool" .
   [13 0 0 0])
  ("is_uqniue_1" .
   [0 0 0 2 0 0 0 0 0 0 2])
  ("str1" .
   [3 0 0 0])
  ("endl" .
   [50 0 0 0])
  ("cout" .
   [11 0 0 0])
  ("begin" .
   [3 0 1 0 0])
  ("end" .
   [10 0 0])
  ("it" .
   [12 0])
  ("if" .
   [33 0])
  ("false" .
   [9 0 0 0 0])
  ("else" .
   [17 0 0 0])
  ("true" .
   [5 0 0 0])
  ("unsigned" .
   [2 0 0 0 10 0 0 0])
  ("length" .
   [6 0 0 1 1 1])
  ("is_uqniue_3" .
   [1 0 0 0 0 0 0 0 0 0 0])
  ("ss" .
   [31 0])
  ("swap" .
   [6 0 0 0])
  ("len" .
   [6 0 0])
  ("rev1" .
   [3 0 0 0])
  ("ss1" .
   [12 0 0])
  ("void" .
   [7 0 0 0])
  ("strlen" .
   [1 0 0 0 0 0])
  ("rev1_cstring" .
   [0 0 0 0 0 0 0 0 0 0 0 1])
  ("counter" .
   [3 0 0 0 0 0 0])
  ("iterate" .
   [0 0 0 0 0 0 1])
  ("permu1" .
   [0 0 0 1 0 0])
  ("ss2" .
   [6 0 0])
  ("sort" .
   [6 0 0 0])
  ("permu2" .
   [1 0 0 0 0 0])
  ("the" .
   [57 0 0])
  ("n_spaces" .
   [1 0 0 0 0 1 0 0])
  ("char" .
   [4 0 0 0])
  ("while" .
   [33 0 0 0 0])
  ("backward" .
   [1 0 0 0 0 0 0 0])
  ("sub1" .
   [1 0 0 0])
  ("true_len" .
   [0 0 0 0 0 0 0 1])
  ("size" .
   [13 0 0 0])
  ("pushback" .
   [0 0 1 0 0 0 0 0])
  ("ii" .
   [23 0])
  ("layer" .
   [1 0 0 1 0])
  ("layer_swap" .
   [1 0 0 0 0 0 1 0 0 0])
  ("print_2d" .
   [0 0 0 0 0 0 0 1])
  ("rotation90" .
   [0 0 0 0 0 1 0 0 0 0])
  ("col" .
   [2 0 0])
  ("def" .
   [4 0 0])
  ("xrange" .
   [1 0 0 0 0 0])
  ("enumerate" .
   [0 0 1 0 0 0 0 0 0])))
